00000000000004f2
0000000013098000
0000000073104930
0000000093040000
00000000732940f1
0000000063982403
0000000037110000
000000001b01f19f
0000000013114101
00000000ef002025
00000000b7040002
0000000013091000
0000000023a02401
0000000093844400
0000000037090002
000000001b090940
00000000e3c624ff
0000000073005010
0000000073294034
0000000013798900
00000000e30a09fe
00000000b7040002
00000000732940f1
0000000013192900
0000000033099900
0000000023200900
0000000003a90400
00000000e31e09fe
0000000093844400
0000000037090002
000000001b090940
00000000e3c624ff
00000000732540f1
0000000097050000
0000000093850538
000000009b041000
000000009394f401
0000000067800400
0000000000000000
0000000000000000
0000000000000000
0000000000000000
0000000000000000
0000000000000000
0000000000000000
0000000000000000
0000000000000000
0000000000000000
0000000000000000
0000000000000000
0000000000000000
0000000000000000
0000000000000000
0000000000000000
0000000000000000
0000000000000000
0000000000000000
0000000000000000
0000000000000000
0000000000000000
0000000000000000
0000000000000000
0000000000000000
0000000000000000
0000000000000000
000000000cc18280
0000000008410125
000000008280b707
00000000006003a5
0000000047101189
0000000082803707
0000000000608327
000000004710918b
00000000eddf8280
00000000011122e8
0000000006ec26e4
00000000a9472a84
000000006313f502
00000000b7040060
00000000eff0fffd
0000000023a08410
00000000eff07ffd
00000000b54723a0
00000000f4104264
00000000e260a264
0000000005616ff0
000000005ffceff0
000000001ffc0124
00000000b7070060
0000000023a08710
00000000ddb74111
0000000022e006e4
000000002a840345
00000000040009e5
00000000a2600264
0000000041018280
00000000eff09ffa
000000000504f5b7
0000000037070060
000000009307200a
000000002326f710
00000000b7070080
000000008d271715
0000000000002324
00000000f7101305
0000000025216ff0
000000005ffc9707
0000000000009387
00000000a7151377
00000000f5003e97
0000000003470700
000000001181aa97
00000000a380e500
0000000083c70700
000000002380f500
0000000082807971
0000000022f026ec
000000004ae806f4
000000002a896144
00000000e1543b55
0000000089002c00
000000001375f50f
00000000eff03ffc
0000000003458100
000000006134eff0
000000007ff30345
000000009100eff0
00000000fff2e310
0000000094fea270
000000000274e264
0000000042694561
0000000082807971
0000000022f026ec
000000004ae806f4
000000002a891304
000000008003e154
0000000033558900
000000002c001375
00000000f50feff0
000000001ff80345
0000000081006134
00000000eff05fef
0000000003459100
00000000eff0dfee
00000000e31094fe
00000000a2700274
00000000e2644269
0000000045618280
000000006ff0fffb
0000000001112c00
0000000006eceff0
000000001ff50345
000000008100eff0
000000007fec0345
000000009100eff0
00000000ffebe260
0000000005618280
0000000082804111
0000000006e47325
0000000040f16314
000000000500eff0
000000007ff01b04
0000000010001314
00000000f4019705
0000000000009385
0000000065170284
0000000001a00000
0000000000000000
0000000000000000
0000000000000000
0000000000000000
0000000000000000
0000000000000000
0000000000000000
0000000000000000
0000000000000000
0000000000000000
0000000000000000
0000000000000000
0000000000000000
0000000000000000
0000000000000000
0000000000000000
0000000000000000
0000000000000000
0000000000000000
0000000000000000
0000000000000000
0000000000000000
0000000000000000
0000000000000000
0000000000000000
0000000000000000
0000000030313233
0000000034353637
0000000038394142
0000000043444546
0000000000000000
0000000000000000
0000000000000000
0000000000000000
0000000000000000
0000000000000000
0000000000000000
0000000000000000
0000000000000000
0000000000000000
0000000000000000
0000000000000000
0000000000000000
0000000000000000
0000000000000000
0000000000000000
0000000000000000
0000000000000000
0000000000000000
0000000000000000
0000000000000000
0000000000000000
0000000000000000
0000000000000000
0000000000000000
0000000000000000
0000000000000000
0000000000000000
0000000000000000
0000000000000000
0000000000000000
0000000000000000
0000000000000000
0000000000000000
0000000000000000
0000000000000000
0000000000000000
0000000000000000
0000000000000000
0000000000000000
0000000000000000
0000000000000000
0000000000000000
0000000000000000
0000000000000000
0000000000000000
0000000000000000
0000000000000000
0000000000000000
0000000000000000
0000000000000000
0000000000000000
0000000000000000
0000000000000000
0000000000000000
0000000000000000
0000000000000000
0000000000000000
0000000000000000
0000000000000000
00000000d00dfeed
0000000000000fa2
0000000000000038
0000000000000e24
0000000000000028
0000000000000011
0000000000000010
0000000000000000
000000000000017e
0000000000000dec
0000000000000000
0000000000000000
0000000000000000
0000000000000000
0000000000000001
0000000000000000
0000000000000003
0000000000000004
0000000000000000
0000000000000002
0000000000000003
0000000000000004
000000000000000f
0000000000000002
0000000000000003
0000000000000014
000000000000001b
000000006574682c
0000000061726961
000000006e652d62
000000006172652d
0000000064657600
0000000000000003
0000000000000010
0000000000000026
000000006574682c
0000000061726961
000000006e652d62
0000000061726500
0000000000000001
0000000063686f73
00000000656e0000
0000000000000003
0000000000000019
000000000000002c
000000002f736f63
000000002f756172
0000000074403630
0000000030303031
0000000030303a33
0000000038343030
0000000000000000
0000000000000002
0000000000000001
0000000063707573
0000000000000000
0000000000000003
0000000000000004
0000000000000000
0000000000000001
0000000000000003
0000000000000004
000000000000000f
0000000000000000
0000000000000003
0000000000000004
0000000000000038
00000000017d7840
0000000000000001
0000000063707540
0000000030000000
0000000000000003
0000000000000004
000000000000004b
0000000002faf080
0000000000000003
0000000000000004
000000000000005b
0000000063707500
0000000000000003
0000000000000004
0000000000000067
0000000000000000
0000000000000003
0000000000000005
000000000000006b
000000006f6b6179
0000000000000000
0000000000000003
0000000000000012
000000000000001b
000000006574682c
0000000020617269
00000000616e6500
0000000072697363
0000000076000000
0000000000000003
000000000000000b
0000000000000072
0000000072763634
00000000696d6166
0000000064630000
0000000000000003
000000000000000b
000000000000007c
0000000072697363
00000000762c7376
0000000033390000
0000000000000003
0000000000000000
0000000000000085
0000000000000001
00000000696e7465
0000000072727570
00000000742d636f
000000006e74726f
000000006c6c6572
0000000000000000
0000000000000003
0000000000000004
000000000000008f
0000000000000001
0000000000000003
0000000000000000
00000000000000a0
0000000000000003
000000000000000f
000000000000001b
0000000072697363
00000000762c6370
00000000752d696e
0000000074630000
0000000000000003
0000000000000004
00000000000000b5
0000000000000001
0000000000000002
0000000000000002
0000000000000001
0000000063707540
0000000031000000
0000000000000003
0000000000000004
000000000000004b
0000000002faf080
0000000000000003
0000000000000004
000000000000005b
0000000063707500
0000000000000003
0000000000000004
0000000000000067
0000000000000001
0000000000000003
0000000000000005
000000000000006b
000000006f6b6179
0000000000000000
0000000000000003
0000000000000012
000000000000001b
000000006574682c
0000000020617269
00000000616e6500
0000000072697363
0000000076000000
0000000000000003
000000000000000b
0000000000000072
0000000072763634
00000000696d6166
0000000064630000
0000000000000003
000000000000000b
000000000000007c
0000000072697363
00000000762c7376
0000000033390000
0000000000000003
0000000000000000
0000000000000085
0000000000000001
00000000696e7465
0000000072727570
00000000742d636f
000000006e74726f
000000006c6c6572
0000000000000000
0000000000000003
0000000000000004
000000000000008f
0000000000000001
0000000000000003
0000000000000000
00000000000000a0
0000000000000003
000000000000000f
000000000000001b
0000000072697363
00000000762c6370
00000000752d696e
0000000074630000
0000000000000003
0000000000000004
00000000000000b5
0000000000000002
0000000000000002
0000000000000002
0000000000000002
0000000000000001
000000006d656d6f
0000000072794038
0000000030303030
0000000030303000
0000000000000003
0000000000000007
000000000000005b
000000006d656d6f
0000000072790000
0000000000000003
0000000000000010
0000000000000067
0000000000000000
0000000080000000
0000000000000000
0000000020000000
0000000000000002
0000000000000001
0000000072657365
0000000072766564
000000002d6d656d
000000006f727900
0000000000000003
0000000000000004
0000000000000000
0000000000000002
0000000000000003
0000000000000004
000000000000000f
0000000000000002
0000000000000003
0000000000000000
00000000000000bd
0000000000000001
0000000062756666
0000000065724061
0000000030303030
0000000030303000
0000000000000003
0000000000000010
000000000000001b
0000000073686172
0000000065642d64
000000006d612d70
000000006f6f6c00
0000000000000003
0000000000000000
00000000000000c4
0000000000000003
0000000000000010
0000000000000067
0000000000000000
00000000a0000000
0000000000000000
0000000000200000
0000000000000003
0000000000000004
00000000000000b5
0000000000000005
0000000000000002
0000000000000001
0000000062756666
0000000065724061
0000000030323030
0000000030303000
0000000000000003
0000000000000010
000000000000001b
0000000073686172
0000000065642d64
000000006d612d70
000000006f6f6c00
0000000000000003
0000000000000000
00000000000000c4
0000000000000003
0000000000000010
0000000000000067
0000000000000000
00000000a0200000
0000000000000000
000000001fe00000
0000000000000002
0000000000000002
0000000000000001
00000000736f6300
0000000000000003
0000000000000004
0000000000000000
0000000000000002
0000000000000003
0000000000000004
000000000000000f
0000000000000002
0000000000000003
000000000000001f
000000000000001b
000000006574682c
0000000061726961
000000006e652d62
000000006172652d
00000000736f6300
0000000073696d70
000000006c652d62
0000000075730000
0000000000000003
0000000000000000
00000000000000bd
0000000000000001
00000000636c696e
0000000074403230
0000000030303030
0000000030000000
0000000000000003
000000000000000d
000000000000001b
0000000072697363
00000000762c636c
00000000696e7430
0000000000000000
0000000000000003
0000000000000020
00000000000000cb
0000000000000001
0000000000000003
0000000000000001
0000000000000007
0000000000000002
0000000000000003
0000000000000002
0000000000000007
0000000000000003
0000000000000010
0000000000000067
0000000000000000
0000000002000000
0000000000000000
00000000000c0000
0000000000000003
0000000000000008
00000000000000df
00000000636f6e74
00000000726f6c00
0000000000000002
0000000000000001
00000000696e7465
0000000072727570
00000000742d636f
000000006e74726f
000000006c6c6572
0000000040366330
0000000030303030
0000000030000000
0000000000000003
0000000000000004
0000000000000000
0000000000000000
0000000000000003
0000000000000004
000000000000008f
0000000000000001
0000000000000003
000000000000000c
000000000000001b
0000000072697363
00000000762c706c
0000000069633000
0000000000000003
0000000000000000
00000000000000a0
0000000000000003
0000000000000020
00000000000000cb
0000000000000001
000000000000000b
0000000000000001
0000000000000009
0000000000000002
000000000000000b
0000000000000002
0000000000000009
0000000000000003
0000000000000010
0000000000000067
0000000000000000
000000006c000000
0000000000000000
0000000004000000
0000000000000003
0000000000000004
00000000000000e9
0000000000000007
0000000000000003
0000000000000004
00000000000000fc
0000000000000010
0000000000000003
0000000000000004
00000000000000b5
0000000000000003
0000000000000002
0000000000000001
0000000075617274
0000000040363030
0000000030303130
0000000030000000
0000000000000003
0000000000000010
000000000000001b
0000000067616973
000000006c65722c
0000000061706275
0000000061727400
0000000000000003
0000000000000010
0000000000000067
0000000000000000
0000000060000100
0000000000000000
0000000000000100
0000000000000003
0000000000000004
0000000000000107
0000000002faf080
0000000000000003
0000000000000004
000000000000010c
0000000000000003
0000000000000003
0000000000000004
000000000000011d
0000000000000003
0000000000000003
0000000000000004
0000000000000128
0000000000000002
0000000000000003
0000000000000004
0000000000000132
0000000000000004
0000000000000002
0000000000000001
0000000067726574
0000000068403630
0000000030383030
0000000030300000
0000000000000003
0000000000000004
0000000000000000
0000000000000001
0000000000000003
0000000000000004
000000000000000f
0000000000000001
0000000000000003
000000000000000f
000000000000001b
0000000067616973
000000006c65722c
000000006574686d
0000000061630000
0000000000000003
0000000000000008
000000000000005b
000000006e657477
000000006f726b00
0000000000000003
0000000000000004
000000000000010c
0000000000000003
0000000000000003
0000000000000008
000000000000011d
000000000000000d
0000000000000000
0000000000000003
0000000000000006
000000000000013f
000000000000d6ee
0000000097c30000
0000000000000003
0000000000000010
0000000000000067
0000000000000000
0000000060080000
0000000000000000
0000000000010000
0000000000000003
0000000000000004
0000000000000151
0000000000000004
0000000000000003
0000000000000006
000000000000015c
0000000073676d69
0000000069000000
0000000000000003
0000000000000004
0000000000000170
0000000000000005
0000000000000001
000000006d64696f
0000000040363030
0000000030313030
0000000030000000
0000000000000003
0000000000000004
0000000000000000
0000000000000001
0000000000000003
0000000000000004
000000000000000f
0000000000000000
0000000000000003
000000000000000e
000000000000001b
0000000067616973
000000006c65722c
0000000073676d69
0000000069000000
0000000000000003
0000000000000010
0000000000000067
0000000000000000
0000000060001000
0000000000000000
0000000000001000
0000000000000003
0000000000000004
000000000000010c
0000000000000003
0000000000000003
0000000000000008
000000000000011d
000000000000000c
0000000000000000
0000000000000003
0000000000000004
00000000000000b5
0000000000000004
0000000000000002
0000000000000002
0000000000000001
000000006c326361
0000000063686530
0000000040363030
0000000030643030
0000000030000000
0000000000000003
000000000000000d
000000000000001b
00000000736c642c
000000006c325f63
0000000061636865
0000000000000000
0000000000000003
0000000000000010
0000000000000067
0000000000000000
000000006000d000
0000000000000000
0000000000000100
0000000000000003
0000000000000004
0000000000000128
0000000000000002
0000000000000003
0000000000000004
0000000000000132
0000000000000004
0000000000000002
0000000000000001
000000006c326361
0000000063686531
0000000040363030
0000000030643130
0000000030000000
0000000000000003
000000000000000d
000000000000001b
00000000736c642c
000000006c325f63
0000000061636865
0000000000000000
0000000000000003
0000000000000010
0000000000000067
0000000000000000
000000006000d100
0000000000000000
0000000000000100
0000000000000003
0000000000000004
0000000000000128
0000000000000002
0000000000000003
0000000000000004
0000000000000132
0000000000000004
0000000000000002
0000000000000001
000000006c6c6363
0000000061636865
0000000030403630
0000000030306530
0000000030300000
0000000000000003
000000000000000e
000000000000001b
00000000736c642c
000000006c6c635f
0000000063616368
0000000065000000
0000000000000003
0000000000000010
0000000000000067
0000000000000000
000000006000e000
0000000000000000
0000000000000100
0000000000000003
0000000000000004
0000000000000128
0000000000000002
0000000000000003
0000000000000004
0000000000000132
0000000000000004
0000000000000002
0000000000000001
000000006c6c6363
0000000061636865
0000000031403630
0000000030306531
0000000030300000
0000000000000003
000000000000000e
000000000000001b
00000000736c642c
000000006c6c635f
0000000063616368
0000000065000000
0000000000000003
0000000000000010
0000000000000067
0000000000000000
000000006000e100
0000000000000000
0000000000000100
0000000000000003
0000000000000004
0000000000000128
0000000000000002
0000000000000003
0000000000000004
0000000000000132
0000000000000004
0000000000000002
0000000000000001
0000000064756d6d
00000000795f7374
0000000072617475
0000000073403630
0000000030313030
0000000030300000
0000000000000003
0000000000000012
000000000000001b
00000000736c642c
0000000064756d6d
00000000795f7374
0000000072617475
0000000073000000
0000000000000003
0000000000000010
0000000000000067
0000000000000000
0000000060010000
0000000000000000
0000000000000100
0000000000000003
0000000000000004
000000000000010c
0000000000000003
0000000000000003
0000000000000004
000000000000011d
0000000000000006
0000000000000003
0000000000000004
0000000000000128
0000000000000002
0000000000000003
0000000000000004
0000000000000132
0000000000000004
0000000000000002
0000000000000001
0000000064756d6d
00000000795f7374
0000000072617475
0000000073403630
0000000030313031
0000000030300000
0000000000000003
0000000000000012
000000000000001b
00000000736c642c
0000000064756d6d
00000000795f7374
0000000072617475
0000000073000000
0000000000000003
0000000000000010
0000000000000067
0000000000000000
0000000060010100
0000000000000000
0000000000000100
0000000000000003
0000000000000004
000000000000010c
0000000000000003
0000000000000003
0000000000000004
000000000000011d
0000000000000007
0000000000000003
0000000000000004
0000000000000128
0000000000000002
0000000000000003
0000000000000004
0000000000000132
0000000000000004
0000000000000002
0000000000000001
0000000064756d6d
00000000795f7374
0000000072617475
0000000073403630
0000000030313032
0000000030300000
0000000000000003
0000000000000012
000000000000001b
00000000736c642c
0000000064756d6d
00000000795f7374
0000000072617475
0000000073000000
0000000000000003
0000000000000010
0000000000000067
0000000000000000
0000000060010200
0000000000000000
0000000000000100
0000000000000003
0000000000000004
000000000000010c
0000000000000003
0000000000000003
0000000000000004
000000000000011d
0000000000000008
0000000000000003
0000000000000004
0000000000000128
0000000000000002
0000000000000003
0000000000000004
0000000000000132
0000000000000004
0000000000000002
0000000000000001
0000000064756d6d
00000000795f7374
0000000072617475
0000000073403630
0000000030313033
0000000030300000
0000000000000003
0000000000000012
000000000000001b
00000000736c642c
0000000064756d6d
00000000795f7374
0000000072617475
0000000073000000
0000000000000003
0000000000000010
0000000000000067
0000000000000000
0000000060010300
0000000000000000
0000000000000100
0000000000000003
0000000000000004
000000000000010c
0000000000000003
0000000000000003
0000000000000004
000000000000011d
0000000000000009
0000000000000003
0000000000000004
0000000000000128
0000000000000002
0000000000000003
0000000000000004
0000000000000132
0000000000000004
0000000000000002
0000000000000001
0000000064756d6d
00000000795f7374
0000000072617475
0000000073403630
0000000030313034
0000000030300000
0000000000000003
0000000000000012
000000000000001b
00000000736c642c
0000000064756d6d
00000000795f7374
0000000072617475
0000000073000000
0000000000000003
0000000000000010
0000000000000067
0000000000000000
0000000060010400
0000000000000000
0000000000000100
0000000000000003
0000000000000004
000000000000010c
0000000000000003
0000000000000003
0000000000000004
000000000000011d
000000000000000a
0000000000000003
0000000000000004
0000000000000128
0000000000000002
0000000000000003
0000000000000004
0000000000000132
0000000000000004
0000000000000002
0000000000000001
0000000064756d6d
00000000795f7374
0000000072617475
0000000073403630
0000000030313035
0000000030300000
0000000000000003
0000000000000012
000000000000001b
00000000736c642c
0000000064756d6d
00000000795f7374
0000000072617475
0000000073000000
0000000000000003
0000000000000010
0000000000000067
0000000000000000
0000000060010500
0000000000000000
0000000000000100
0000000000000003
0000000000000004
000000000000010c
0000000000000003
0000000000000003
0000000000000004
000000000000011d
000000000000000b
0000000000000003
0000000000000004
0000000000000128
0000000000000002
0000000000000003
0000000000000004
0000000000000132
0000000000000004
0000000000000002
0000000000000002
0000000000000002
0000000000000009
0000000023616464
0000000072657373
000000002d63656c
000000006c730023
0000000073697a65
000000002d63656c
000000006c730063
000000006f6d7061
000000007469626c
0000000065006d6f
0000000064656c00
000000007374646f
0000000075742d70
0000000061746800
0000000074696d65
0000000062617365
000000002d667265
000000007175656e
0000000063790063
000000006c6f636b
000000002d667265
000000007175656e
0000000063790064
0000000065766963
00000000655f7479
0000000070650072
0000000065670073
0000000074617475
0000000073007269
000000007363762c
0000000069736100
000000006d6d752d
0000000074797065
0000000000746c62
000000002d73706c
0000000069740023
00000000696e7465
0000000072727570
00000000742d6365
000000006c6c7300
00000000696e7465
0000000072727570
00000000742d636f
000000006e74726f
000000006c6c6572
0000000000706861
000000006e646c65
000000000072616e
0000000067657300
000000006e6f2d6d
0000000061700069
000000006e746572
0000000072757074
00000000732d6578
0000000074656e64
0000000065640072
0000000065672d6e
00000000616d6573
0000000000726973
0000000063762c6d
0000000061782d70
0000000072696f72
0000000069747900
0000000072697363
00000000762c6e64
0000000065760066
0000000072657100
00000000696e7465
0000000072727570
00000000742d7061
0000000072656e74
0000000000696e74
0000000065727275
0000000070747300
000000007265672d
0000000073686966
0000000074007265
00000000672d696f
000000002d776964
000000007468006c
000000006f63616c
000000002d6d6163
000000002d616464
0000000072657373
0000000000706879
000000002d68616e
00000000646c6500
000000007068792d
00000000636f6e6e
0000000065637469
000000006f6e2d74
0000000079706500
000000006d656d6f
0000000072792d72
000000006567696f
000000006e000000
0000000000000000
000000004553502d
0000000041726961
000000006e652062
000000006f6f7420
000000006c6f6164
0000000065720a0a
0000000000000000
0000000000000000
